,Semantic Understanding,Human-AI Collaboration,Human-Like Interaction,Continuous Improvement,Personalization,Cultural Adaptation,Efficiency,Customer Value,Satisfaction,Trust,Customer Loyalty
Semantic Understanding,1.0,0.586,0.551,0.47,0.471,0.492,0.467,0.515,0.268,0.251,0.242
Human-AI Collaboration,0.586,1.0,0.684,0.501,0.465,0.511,0.439,0.469,0.166,0.165,0.183
Human-Like Interaction,0.551,0.684,1.0,0.519,0.463,0.506,0.464,0.486,0.165,0.145,0.158
Continuous Improvement,0.47,0.501,0.519,1.0,0.649,0.603,0.506,0.551,0.173,0.194,0.196
Personalization,0.471,0.465,0.463,0.649,1.0,0.627,0.48,0.55,0.223,0.193,0.225
Cultural Adaptation,0.492,0.511,0.506,0.603,0.627,1.0,0.533,0.56,0.258,0.259,0.237
Efficiency,0.467,0.439,0.464,0.506,0.48,0.533,1.0,0.482,0.173,0.203,0.187
Customer Value,0.515,0.469,0.486,0.551,0.55,0.56,0.482,1.0,0.263,0.317,0.305
Satisfaction,0.268,0.166,0.165,0.173,0.223,0.258,0.173,0.263,1.0,0.66,0.718
Trust,0.251,0.165,0.145,0.194,0.193,0.259,0.203,0.317,0.66,1.0,0.736
Customer Loyalty,0.242,0.183,0.158,0.196,0.225,0.237,0.187,0.305,0.718,0.736,1.0
